plane: 0,-20,-20 0,0,0 424299
plane: 0,20,-20 0,0,0 994242
plane: 0,0,-20 90,0,0 994042
plane: -20,0,-20 90,90,0 009942
plane: 20,0,-20 90,90,0 004242

cone: 0,0,0 0,0,20 429942 30

sphere: 20,30,20 0,0,0 ff0000 10
sphere: -20,-30,20 0,0,0 ff0000 5
sphere: 20,30,-20 0,0,0 ff0000 5
sphere: -30,-20,20 0,0,0 ff0000 5

sphere: 20,20,-20 0,0,0 ff0000 5
sphere: -20,-20,-20 0,0,0 ff0000 5


cylinder: 20,-20,0 90,0,0 424299 10
cylinder: -15,0,-5 30,30,0 424299 5

cam: 0,0,60 0,0,0
light: 15,15,0 100
light: -15,0,20 100